    -17.00000000         1978.146094    
    -16.00000000         2002.498937         1976.028576    
    -15.00000000         2023.993601         2000.306600         1974.202797    
    -14.00000000         2042.630125         2021.734484         1998.414896         1972.668613    
    -13.00000000         2058.408547         2040.312244         2019.783808         1996.823722         1971.425891    
    -12.00000000         2071.328911         2056.039896         2038.309532         2018.141511         1995.532980         1970.474508    
    -11.00000000         2081.391273         2068.917462         2053.992068         2036.621967         2016.807530         1994.542573         1969.814357    
    -10.00000000         2088.595712         2078.944958         2066.831409         2052.265075         2035.249521         2015.781800         1993.852415         1969.445345    
    -9.000000000         2092.942388         2086.122389         2076.827532         2065.070803         2050.858925         2034.192161         2015.064256         1993.462423         1969.367394    
    -8.000000000         2094.431820         2090.449605         2083.980322         2075.039073         2063.635683         2049.773617         2033.449848         2014.654831         1993.372523         1969.580444    
    -7.000000000         2093.069339         2091.922669         2088.289032         2082.169600         2073.579653         2062.526082         2049.009141         2033.022537         2014.553462         1993.582648         1970.084455    
    -6.000000000         2090.589323         2089.739951         2088.823706         2086.460601         2080.690309         2072.449335         2061.742022         2048.565479         2032.910177         2014.760082         1994.092742         1970.879405    
    -5.000000000         2088.463312         2087.869257         2086.318615         2084.964157         2081.743405         2079.542539         2071.648178         2061.283514         2048.442599         2033.112712         2015.274628         1994.902760         1971.965298    
    -4.000000000         2086.730261         2086.272434         2084.146446         2083.799181         2079.253109         2078.726378         2071.801116         2071.176232         2061.150557         2048.640462         2033.630080         2016.097042         1996.012671         1973.342156    
    -3.000000000         2085.440297         2084.900087         2082.966342         2082.305764         2078.241915         2077.091569         2071.033534         2069.331751         2061.343134         2059.000446         2049.159015         2034.462215         2017.227265         1997.422454         1975.010028    
    -2.000000000         2084.560294         2083.787000         2082.462255         2080.798240         2078.089242         2075.258968         2071.220108         2067.187289         2061.861213         2056.559494         2049.998195         2043.341805         2035.609046         2018.665246         1999.132107         1976.968991    
    -1.000000000         2084.042852         2082.987308         2082.281124         2079.622867         2078.268447         2073.755441         2071.735962         2065.367883         2062.704747         2054.438679         2051.157926         2040.936954         2037.070497         2024.825329         2020.410941         2001.141642         1979.219144    
     0.000000000         2083.871538         2082.605272         2082.335053         2078.781858         2078.777398         2072.581091         2072.581078         2063.873666         2063.873666         2052.638120         2052.638120         2038.846492         2038.846492         2022.464311         2022.464311         2003.451092         2003.451092    
     1.000000000         2084.042852         2082.987308         2082.281124         2079.622867         2078.268447         2073.755441         2071.735962         2065.367883         2062.704747         2054.438679         2051.157926         2040.936954         2037.070497         2024.825329         2020.410941         2001.141642         1979.219144    
     2.000000000         2084.560294         2083.787000         2082.462255         2080.798240         2078.089242         2075.258968         2071.220108         2067.187289         2061.861213         2056.559494         2049.998195         2043.341805         2035.609046         2018.665246         1999.132107         1976.968991    
     3.000000000         2085.440297         2084.900087         2082.966342         2082.305764         2078.241915         2077.091569         2071.033534         2069.331751         2061.343134         2059.000446         2049.159015         2034.462215         2017.227265         1997.422454         1975.010028    
     4.000000000         2086.730261         2086.272434         2084.146446         2083.799181         2079.253109         2078.726378         2071.801116         2071.176232         2061.150557         2048.640462         2033.630080         2016.097042         1996.012671         1973.342156    
     5.000000000         2088.463312         2087.869257         2086.318615         2084.964157         2081.743405         2079.542539         2071.648178         2061.283514         2048.442599         2033.112712         2015.274628         1994.902760         1971.965298    
     6.000000000         2090.589323         2089.739951         2088.823706         2086.460601         2080.690309         2072.449335         2061.742022         2048.565479         2032.910177         2014.760082         1994.092742         1970.879405    
     7.000000000         2093.069339         2091.922669         2088.289032         2082.169600         2073.579653         2062.526082         2049.009141         2033.022537         2014.553462         1993.582648         1970.084455    
     8.000000000         2094.431820         2090.449605         2083.980322         2075.039073         2063.635683         2049.773617         2033.449848         2014.654831         1993.372523         1969.580444    
     9.000000000         2092.942388         2086.122389         2076.827532         2065.070803         2050.858925         2034.192161         2015.064256         1993.462423         1969.367394    
     10.00000000         2088.595712         2078.944958         2066.831409         2052.265075         2035.249521         2015.781800         1993.852415         1969.445345    
     11.00000000         2081.391273         2068.917462         2053.992068         2036.621967         2016.807530         1994.542573         1969.814357    
     12.00000000         2071.328911         2056.039896         2038.309532         2018.141511         1995.532980         1970.474508    
     13.00000000         2058.408547         2040.312244         2019.783808         1996.823722         1971.425891    
     14.00000000         2042.630125         2021.734484         1998.414896         1972.668613    
     15.00000000         2023.993601         2000.306600         1974.202797    
     16.00000000         2002.498937         1976.028576    
     17.00000000         1978.146094    
