    -16.00000000         2275.649065    
    -15.00000000         2275.152365    
    -14.00000000         2274.721892         2274.655665    
    -13.00000000         2274.357646         2274.225192    
    -12.00000000         2274.059626         2273.860946         2273.794719    
    -11.00000000         2273.827833         2273.562926         2273.430473    
    -10.00000000         2273.662266         2273.331133         2273.132453         2273.066227    
    -9.000000000         2273.562926         2273.165567         2272.900660         2272.768207    
    -8.000000000         2273.529813         2273.066227         2272.735094         2272.536414         2272.470187    
    -7.000000000         2273.562926         2273.033113         2272.635754         2272.370847         2272.238394    
    -6.000000000         2273.662266         2273.066227         2272.602640         2272.271507         2272.072827         2272.006601    
    -5.000000000         2273.827833         2273.165567         2272.635754         2272.238394         2271.973487         2271.841034    
    -4.000000000         2274.059626         2273.331133         2272.735094         2272.271507         2271.940374         2271.741694         2271.675468    
    -3.000000000         2274.357646         2273.562926         2272.900660         2272.370847         2271.973487         2271.708581         2271.576128    
    -2.000000000         2274.721892         2273.860946         2273.132453         2272.536414         2272.072827         2271.741694         2271.543014         2271.476788    
    -1.000000000         2275.152365         2274.225192         2273.430473         2272.768207         2272.238394         2271.841034         2271.576128         2271.443674    
     0.000000000         2275.649065         2274.655665         2273.794719         2273.066227         2272.470187         2272.006601         2271.675468         2271.476788         2271.410561    
     1.000000000         2275.152365         2274.225192         2273.430473         2272.768207         2272.238394         2271.841034         2271.576128         2271.443674    
     2.000000000         2274.721892         2273.860946         2273.132453         2272.536414         2272.072827         2271.741694         2271.543014         2271.476788    
     3.000000000         2274.357646         2273.562926         2272.900660         2272.370847         2271.973487         2271.708581         2271.576128    
     4.000000000         2274.059626         2273.331133         2272.735094         2272.271507         2271.940374         2271.741694         2271.675468    
     5.000000000         2273.827833         2273.165567         2272.635754         2272.238394         2271.973487         2271.841034    
     6.000000000         2273.662266         2273.066227         2272.602640         2272.271507         2272.072827         2272.006601    
     7.000000000         2273.562926         2273.033113         2272.635754         2272.370847         2272.238394    
     8.000000000         2273.529813         2273.066227         2272.735094         2272.536414         2272.470187    
     9.000000000         2273.562926         2273.165567         2272.900660         2272.768207    
     10.00000000         2273.662266         2273.331133         2273.132453         2273.066227    
     11.00000000         2273.827833         2273.562926         2273.430473    
     12.00000000         2274.059626         2273.860946         2273.794719    
     13.00000000         2274.357646         2274.225192    
     14.00000000         2274.721892         2274.655665    
     15.00000000         2275.152365    
     16.00000000         2275.649065    
